activation: swish
atom_cutoff: 83.0162616825473
auxcutoff: 0
batch_size: 2
beta: 0.00070360019428895
cg_cutoff: 134.33563000020837
cg_method: cgae
cgae_reg_weight: 0.25
dataset: SBCG-eIF4E
dec_nconv: 8
dec_type: EquivariantDecoder
edgeorder: 3
enc_nconv: 5
factor: 0.37651019805471386
gamma: 0.8886152700100525
logdir: ./SBCG-eIF4E
lr: 7.495515511827564e-05
n_basis: 400
n_cgs: 5
n_data: 3000
n_ensemble: 2
n_rbf: 6
nepochs: 100
nevals: 36
nsamples: 40
optimizer: adam
patience: 10
threshold: 0.001
