activation: swish
atom_cutoff: 11.405054921975012
auxcutoff: 0
batch_size: 1
beta: 0.03114960354884302
cg_cutoff: 22.08931379860493
cg_method: cgae
cgae_reg_weight: 0.25
dataset: eIF4E
dec_nconv: 4
dec_type: EquivariantDecoder
edgeorder: 2
enc_nconv: 2
factor: 0.7787246693841063
gamma: 1.693142449504519
logdir: ./eIF4E_exp
lr: 9.860234803881828e-05
n_basis: 400
n_cgs: 10
n_ensemble: 2
n_rbf: 6
ndata: 3003
nepochs: 100
nevals: 36
nsamples: 35
optimizer: adam
patience: 10
threshold: 0.001
