activation: swish
atom_cutoff: 47.77174045704645
auxcutoff: 0
batch_size: 2
beta: 0.005415564331593151
cg_cutoff: 69.4535628620628
cg_method: cgae
cgae_reg_weight: 0.25
dataset: Ca-eIF4E
dec_nconv: 5
dec_type: EquivariantDecoder
edgeorder: 1
enc_nconv: 6
factor: 0.720218037320696
gamma: 2.6083955160539247
logdir: ./Ca-eIF4E_exp
lr: 0.00017196978484283247
n_basis: 421
n_cgs: 19
n_ensemble: 2
n_rbf: 6
ndata: 3000
nepochs: 100
nevals: 36
nsamples: 35
optimizer: adam
patience: 10
threshold: 0.001
