activation: swish
atom_cutoff: 14.947416765415916
auxcutoff: 0
batch_size: 1
beta: 0.039952632717188845
cg_cutoff: 33.06370160130248
cg_method: cgae
cgae_reg_weight: 0.25
dataset: eIF4E
dec_nconv: 4
dec_type: EquivariantDecoder
edgeorder: 1
enc_nconv: 1
factor: 0.1308713451988044
gamma: 29.00016006853715
logdir: ./eIF4E_exp
lr: 6.410946456181533e-05
n_basis: 400
n_cgs: 19
n_ensemble: 2
n_rbf: 6
ndata: 3003
nepochs: 30
nevals: 36
nsamples: 35
optimizer: adam
patience: 10
threshold: 0.001
