activation: "swish"
atom_cutoff: 58.935487164439145
auxcutoff: 0
batch_size: 2
beta: 0.0006997771211228309
cg_cutoff: 107.60124509895653
cg_method: "cgae"
cgae_reg_weight: 0.25
dataset: "Ca-eIF4E"
dec_nconv: 9
dec_type: "EquivariantDecoder"
edgeorder: 2
enc_nconv: 3
factor: 0.11552745781240964
gamma: 3.385927180809626
logdir: "./Ca-eIF4E_exp"
lr: 0.00010737627870968376
n_basis: 585
n_cgs: 50
n_ensemble: 2
n_rbf: 6
ndata: 3000
nepochs: 100
nevals: 36
nsamples: 35
optimizer: "adam"
patience: 10
threshold: 0.001
