activation: swish
atom_cutoff: 85.7772389326291
auxcutoff: 0
batch_size: 2
beta: 0.0001914222515746646
cg_cutoff: 141.50803539820066
cg_method: cgae
cgae_reg_weight: 0.25
dataset: SBCG-eIF4E
dec_nconv: 9
dec_type: EquivariantDecoder
edgeorder: 1
enc_nconv: 3
factor: 0.27591122249691313
gamma: 1.1165381681544375
logdir: ./SBCG-eIF4E
lr: 0.00013
n_basis: 500
n_cgs: 10
n_data: 3000
n_ensemble: 2
n_rbf: 6
nepochs: 100
nevals: 36
nsamples: 40
optimizer: adam
patience: 10
threshold: 0.001