activation: swish
atom_cutoff: 44.77002965014702
auxcutoff: 0
batch_size: 2
beta: 0.004239930762456741
cg_cutoff: 86.1084820549794
cg_method: cgae
cgae_reg_weight: 0.25
dataset: Ca-eIF4E
dec_nconv: 10
dec_type: EquivariantDecoder
edgeorder: 1
enc_nconv: 3
factor: 0.12954321669268246
gamma: 0.7642881531196999
logdir: ./Ca-eIF4E_exp
lr: 0.00015692528744215686
n_basis: 355
n_cgs: 10
n_ensemble: 2
n_rbf: 6
ndata: 3000
nepochs: 100
nevals: 36
nsamples: 35
optimizer: adam
patience: 10
threshold: 0.001
