activation: swish
atom_cutoff: 45.3418916439621
auxcutoff: 0
batch_size: 1
beta: 0.0009397315807435062
cg_cutoff: 73.72367033574558
cg_method: cgae
cgae_reg_weight: 0.25
dataset: RBCG-sarscov2
dec_nconv: 4
dec_type: EquivariantDecoder
edgeorder: 2
enc_nconv: 2
factor: 0.5995485788312782
gamma: 3.3989844843482655
logdir: ./RBCG-sarscov2
lr: 0.00010148212734711858
n_basis: 518
n_cgs: 35
n_data: 3000
n_ensemble: 2
n_rbf: 6
nepochs: 100
nevals: 36
nsamples: 40
optimizer: adam
patience: 10
threshold: 0.001
