activation: swish
atom_cutoff: 26.341600758696217
auxcutoff: 0
batch_size: 2
beta: 0.0006510919404143354
cg_cutoff: 71.35233548381179
cg_method: cgae
cgae_reg_weight: 0.25
dataset: Ca-eIF4E
dec_nconv: 5
dec_type: EquivariantDecoder
edgeorder: 1
enc_nconv: 2
factor: 0.6688211663731016
gamma: 3.3761463980271453
logdir: ./Ca-eIF4E_exp
lr: 0.0001739589370046892
n_basis: 553
n_cgs: 19
n_ensemble: 2
n_rbf: 6
ndata: 3000
nepochs: 100
nevals: 36
nsamples: 35
optimizer: adam
patience: 10
threshold: 0.001
