activation: swish
atom_cutoff: 11.63810506968399
auxcutoff: 0
batch_size: 1
beta: 0.039331317628706335
cg_cutoff: 27.17402806633189
cg_method: cgae
cgae_reg_weight: 0.25
dataset: sarscov2
dec_nconv: 4
dec_type: EquivariantDecoder
edgeorder: 2
enc_nconv: 1
factor: 0.4447388605300559
gamma: 1.1100820010361752
logdir: ./sarscov2
lr: 0.00015767397604879923
n_basis: 300
n_cgs: 35
n_data: 3000
n_ensemble: 2
n_rbf: 6
nepochs: 30
nevals: 36
nsamples: 40
optimizer: adam
patience: 10
threshold: 0.001
