activation: swish
atom_cutoff: 32.16018244656968
auxcutoff: 0
batch_size: 1
beta: 0.00025101866612010313
cg_cutoff: 50.28861915639635
cg_method: cgae
cgae_reg_weight: 0.25
dataset: RBCG-sarscov2
dec_nconv: 6
dec_type: EquivariantDecoder
edgeorder: 1
enc_nconv: 1
factor: 0.18198288669353735
gamma: 2.4267910321832673
logdir: ./RBCG-sarscov2
lr: 0.0001037160933301918
n_basis: 560
n_cgs: 15
n_data: 3000
n_ensemble: 2
n_rbf: 6
nepochs: 100
nevals: 36
nsamples: 40
optimizer: adam
patience: 10
threshold: 0.001
