activation: swish
atom_cutoff: 35.041146691925114
auxcutoff: 0
batch_size: 2
beta: 0.00010277914990897964
cg_cutoff: 62.06025700859319
cg_method: cgae
cgae_reg_weight: 0.25
dataset: RBCG-sarscov2
dec_nconv: 6
dec_type: EquivariantDecoder
edgeorder: 1
enc_nconv: 1
factor: 0.17406574907220504
gamma: 1.6855085707895472
logdir: ./RBCG-sarscov2
lr: 9.608684461781091e-05
n_basis: 582
n_cgs: 25
n_data: 3000
n_ensemble: 2
n_rbf: 6
nepochs: 100
nevals: 36
nsamples: 40
optimizer: adam
patience: 10
threshold: 0.001
