activation: swish
atom_cutoff: 10.315927548310636
auxcutoff: 0
batch_size: 1
beta: 0.011955080229335191
cg_cutoff: 27.478647795585296
cg_method: cgae
cgae_reg_weight: 0.25
dataset: sarscov2
dec_nconv: 4
dec_type: EquivariantDecoder
edgeorder: 3
enc_nconv: 2
factor: 0.3291498405580073
gamma: 13.419583208902807
logdir: ./sarscov2
lr: 9.977582097312404e-05
n_basis: 300
n_cgs: 100
n_data: 3000
n_ensemble: 2
n_rbf: 6
nepochs: 30
nevals: 36
nsamples: 40
optimizer: adam
patience: 10
threshold: 0.001
