activation: swish
atom_cutoff: 32.510660141077224
auxcutoff: 0
batch_size: 2
beta: 0.01448683388723935
cg_cutoff: 50.0045749926938
cg_method: cgae
cgae_reg_weight: 0.25
dataset: RBCG-sarscov2
dec_nconv: 4
dec_type: EquivariantDecoder
edgeorder: 1
enc_nconv: 1
factor: 0.15056963981771743
gamma: 2.057923579059193
logdir: ./RBCG-sarscov2
lr: 9.674143596524428e-05
n_basis: 554
n_cgs: 100
n_data: 3000
n_ensemble: 2
n_rbf: 6
nepochs: 100
nevals: 36
nsamples: 40
optimizer: adam
patience: 10
threshold: 0.001
