activation: swish
atom_cutoff: 14.704195254574238
auxcutoff: 0
batch_size: 1
beta: 0.005551219943285901
cg_cutoff: 33.464565480486485
cg_method: cgae
cgae_reg_weight: 0.25
dataset: eIF4E
dec_nconv: 3
dec_type: EquivariantDecoder
edgeorder: 1
enc_nconv: 1
factor: 0.12776745842292414
gamma: 3.971391360831621
logdir: ./eIF4E_exp
lr: 2.67855300849759e-05
n_basis: 350
n_cgs: 19
n_ensemble: 2
n_rbf: 6
ndata: 3003
nepochs: 30
nevals: 36
nsamples: 35
optimizer: adam
patience: 10
threshold: 0.001
