activation: swish
atom_cutoff: 33.562715346146625
auxcutoff: 0
batch_size: 2
beta: 0.0011904083783063442
cg_cutoff: 61.17215426786115
cg_method: cgae
cgae_reg_weight: 0.25
dataset: Ca-eIF4E
dec_nconv: 7
dec_type: EquivariantDecoder
edgeorder: 1
enc_nconv: 6
factor: 0.8510677457130156
gamma: 1.8013988362927071
logdir: ./Ca-eIF4E_exp
lr: 0.000111320744899363
n_basis: 476
n_cgs: 5
n_ensemble: 2
n_rbf: 6
ndata: 3000
nepochs: 100
nevals: 36
nsamples: 35
optimizer: adam
patience: 10
threshold: 0.001
