activation: swish
atom_cutoff: 56.088911947673616
auxcutoff: 0
batch_size: 2
beta: 0.03176636894028233
cg_cutoff: 102.1301501410037
cg_method: cgae
cgae_reg_weight: 0.25
dataset: Ca-eIF4E
dec_nconv: 9
dec_type: EquivariantDecoder
edgeorder: 6
enc_nconv: 3
factor: 0.1611956976213566
gamma: 1.9526130967772664
logdir: ./Ca-eIF4E_exp
lr: 0.00010142747126669134
n_basis: 533
n_cgs: 50
n_ensemble: 2
n_rbf: 6
ndata: 3000
nepochs: 100
nevals: 36
nsamples: 35
optimizer: adam
patience: 10
threshold: 0.001
