activation: swish
atom_cutoff: 13.26233059410082
auxcutoff: 0
batch_size: 1
beta: 0.0019842254367806586
cg_cutoff: 31.73844608347789
cg_method: cgae
cgae_reg_weight: 0.25
dataset: eIF4E
dec_nconv: 1
dec_type: EquivariantDecoder
edgeorder: 3
enc_nconv: 1
factor: 0.21013696535241255
gamma: 1.3030748526735132
logdir: ./eIF4E_exp
lr: 7.804703785349763e-05
n_basis: 400
n_cgs: 10
n_ensemble: 2
n_rbf: 6
ndata: 3003
nepochs: 30
nevals: 36
nsamples: 35
optimizer: adam
patience: 10
threshold: 0.001