activation: "swish"
atom_cutoff: 30.6596585536964
auxcutoff: 0
batch_size: 2
beta: 0.001657380330490461
cg_cutoff: 56.50023579440283
cg_method: "cgae"
cgae_reg_weight: 0.25
#dataset: "PED3_RBCG"
dec_nconv: 9
dec_type: "EquivariantDecoder"
edgeorder: 1
enc_nconv: 4
factor: 0.6637669467251744
gamma: 2.6467398715318424
logdir: "./PED_exp"
lr: 0.0001136212779686544
n_basis: 512
n_cgs: 15
n_ensemble: 2
n_rbf: 6
ndata: 3000
nepochs: 150
nevals: 36
nsamples: 35
optimizer: "adam"
patience: 10
threshold: 0.001