activation: swish
atom_cutoff: 38.17074504844033
auxcutoff: 0
batch_size: 2
beta: 0.009863812184520124
cg_cutoff: 106.92286993945932
cg_method: cgae
cgae_reg_weight: 0.25
dataset: Ca-eIF4E
dec_nconv: 6
dec_type: EquivariantDecoder
edgeorder: 1
enc_nconv: 2
factor: 0.4614665833478682
gamma: 2.8701985122184728
logdir: ./Ca-eIF4E_exp
lr: 0.00019138319287416588
n_basis: 508
n_cgs: 5
n_ensemble: 2
n_rbf: 6
ndata: 3000
nepochs: 100
nevals: 36
nsamples: 35
optimizer: adam
patience: 10
threshold: 0.001
