activation: swish
atom_cutoff: 40.29626869235872
auxcutoff: 0
batch_size: 2
beta: 0.0009805003617257843
cg_cutoff: 100.24302451300711
cg_method: cgae
cgae_reg_weight: 0.25
dataset: Ca-eIF4E
dec_nconv: 10
dec_type: EquivariantDecoder
edgeorder: 1
enc_nconv: 2
factor: 0.10077346744824442
gamma: 0.815708012738399
logdir: ./Ca-eIF4E_exp
lr: 0.00017188395908322138
n_basis: 472
n_cgs: 10
n_ensemble: 2
n_rbf: 6
ndata: 3000
nepochs: 100
nevals: 36
nsamples: 35
optimizer: adam
patience: 10
threshold: 0.001
