activation: swish
atom_cutoff: 32.510660141077224
auxcutoff: 0
batch_size: 2
beta: 0.00010007903854383786
cg_cutoff: 59.06997717895519
cg_method: cgae
cgae_reg_weight: 0.25
dataset: RBCG-sarscov2
dec_nconv: 3
dec_type: EquivariantDecoder
edgeorder: 1
enc_nconv: 1
factor: 0.2136725511611753
gamma: 2.537947212003747
logdir: ./RBCG-sarscov2
lr: 0.00011478551000814348
n_basis: 542
n_cgs: 15
n_data: 3000
n_ensemble: 2
n_rbf: 6
nepochs: 100
nevals: 36
nsamples: 40
optimizer: adam
patience: 10
threshold: 0.001
