activation: swish
atom_cutoff: 75.6731954860366
auxcutoff: 0
batch_size: 2
beta: 0.0007647102378655696
cg_cutoff: 132.69675318844597
cg_method: cgae
cgae_reg_weight: 0.25
dataset: SBCG-eIF4E
dec_nconv: 10
dec_type: EquivariantDecoder
edgeorder: 3
enc_nconv: 5
factor: 0.44119328837402105
gamma: 0.5825062202508464
logdir: ./SBCG-eIF4E
lr: 0.00013
n_basis: 500
n_cgs: 10
n_data: 3000
n_ensemble: 2
n_rbf: 6
nepochs: 100
nevals: 36
nsamples: 40
optimizer: adam
patience: 10
threshold: 0.001
