activation: swish
atom_cutoff: 35.68588894602043
auxcutoff: 0
batch_size: 2
beta: 0.00019929182233676117
cg_cutoff: 81.52527359612112
cg_method: cgae
cgae_reg_weight: 0.25
dataset: Ca-eIF4E
dec_nconv: 6
dec_type: EquivariantDecoder
edgeorder: 1
enc_nconv: 4
factor: 0.5387595169158124
gamma: 0.8014122479733929
logdir: ./Ca-eIF4E_exp
lr: 0.0001814285725015747
n_basis: 389
n_cgs: 10
n_ensemble: 2
n_rbf: 6
ndata: 3000
nepochs: 100
nevals: 36
nsamples: 35
optimizer: adam
patience: 10
threshold: 0.001
