activation: swish
atom_cutoff: 43.36571692941794
auxcutoff: 0
batch_size: 2
beta: 0.0221509538107914
cg_cutoff: 115.64641002514075
cg_method: cgae
cgae_reg_weight: 0.25
dataset: Ca-eIF4E
dec_nconv: 7
dec_type: EquivariantDecoder
edgeorder: 6
enc_nconv: 3
factor: 0.7606352636758997
gamma: 4.374555558236603
logdir: ./Ca-eIF4E_exp
lr: 0.00010338712309614412
n_basis: 563
n_cgs: 50
n_ensemble: 2
n_rbf: 6
ndata: 3000
nepochs: 100
nevals: 36
nsamples: 35
optimizer: adam
patience: 10
threshold: 0.001
