activation: swish
atom_cutoff: 12.864550162635492
auxcutoff: 0
batch_size: 1
beta: 0.002422727483099087
cg_cutoff: 23.65652555690635
cg_method: cgae
cgae_reg_weight: 0.25
dataset: eIF4E
dec_nconv: 4
dec_type: EquivariantDecoder
edgeorder: 1
enc_nconv: 1
factor: 0.1060085938674446
gamma: 1.1878974331933905
logdir: ./eIF4E_exp
lr: 5.412125339651176e-05
n_basis: 400
n_cgs: 50
n_ensemble: 2
n_rbf: 6
ndata: 3003
nepochs: 30
nevals: 36
nsamples: 35
optimizer: adam
patience: 10
threshold: 0.001
