activation: swish
atom_cutoff: 34.31481959261977
auxcutoff: 0
batch_size: 2
beta: 0.017794942085506697
cg_cutoff: 114.83232616657118
cg_method: cgae
cgae_reg_weight: 0.25
dataset: Ca-eIF4E
dec_nconv: 9
dec_type: EquivariantDecoder
edgeorder: 1
enc_nconv: 3
factor: 0.17374615545691627
gamma: 0.7915405724947447
logdir: ./Ca-eIF4E_exp
lr: 0.00013296959027508855
n_basis: 336
n_cgs: 5
n_ensemble: 2
n_rbf: 6
ndata: 3000
nepochs: 100
nevals: 36
nsamples: 35
optimizer: adam
patience: 10
threshold: 0.001
